{
 "cells": [
  {
   "cell_type": "code",
   "execution_count": 1,
   "id": "2eb99a33",
   "metadata": {},
   "outputs": [],
   "source": [
    "import numpy as np\n",
    "import pandas as pd\n",
    "\n",
    "import seaborn as sns\n",
    "import matplotlib.pyplot as plt\n",
    "from sklearn.covariance import LedoitWolf\n",
    "from pypfopt.expected_returns import mean_historical_return\n",
    "from pypfopt.efficient_frontier import EfficientFrontier"
   ]
  },
  {
   "cell_type": "code",
   "execution_count": 2,
   "id": "fe127732",
   "metadata": {},
   "outputs": [],
   "source": [
    "sector_tickers = [\n",
    "    \"XLF\",  # Financials\n",
    "    \"XLK\",  # Technology\n",
    "    \"XLV\",  # Health Care\n",
    "    \"XLY\",  # Consumer Discretionary\n",
    "    \"XLP\",  # Consumer Staples\n",
    "    \"XLE\",  # Energy\n",
    "    \"XLI\",  # Industrials\n",
    "    \"XLU\",  # Utilities\n",
    "    \"XLB\",  # Materials\n",
    "    \"XLRE\",  # Real Estate\n",
    "    \"XLC\",  # Communication Services\n",
    "]"
   ]
  },
  {
   "cell_type": "code",
   "execution_count": null,
   "id": "deb2030e",
   "metadata": {},
   "outputs": [],
   "source": [
    "# import data from csv\n",
    "df_ret = pd.read_parquet(\"../data/returns.parquet\")\n",
    "df_prices = pd.read_parquet(\"../data/prices.parquet\")\n",
    "df_vol = pd.read_parquet(\"../data/vola.parquet\")"
   ]
  },
  {
   "cell_type": "code",
   "execution_count": 32,
   "id": "c05c5c7a",
   "metadata": {},
   "outputs": [
    {
     "data": {
      "text/html": [
       "<div>\n",
       "<style scoped>\n",
       "    .dataframe tbody tr th:only-of-type {\n",
       "        vertical-align: middle;\n",
       "    }\n",
       "\n",
       "    .dataframe tbody tr th {\n",
       "        vertical-align: top;\n",
       "    }\n",
       "\n",
       "    .dataframe thead th {\n",
       "        text-align: right;\n",
       "    }\n",
       "</style>\n",
       "<table border=\"1\" class=\"dataframe\">\n",
       "  <thead>\n",
       "    <tr style=\"text-align: right;\">\n",
       "      <th>Ticker</th>\n",
       "      <th>XLF</th>\n",
       "      <th>XLK</th>\n",
       "      <th>XLV</th>\n",
       "      <th>XLY</th>\n",
       "      <th>XLP</th>\n",
       "      <th>XLE</th>\n",
       "      <th>XLI</th>\n",
       "      <th>XLU</th>\n",
       "      <th>XLB</th>\n",
       "      <th>XLRE</th>\n",
       "      <th>XLC</th>\n",
       "    </tr>\n",
       "    <tr>\n",
       "      <th>Date</th>\n",
       "      <th></th>\n",
       "      <th></th>\n",
       "      <th></th>\n",
       "      <th></th>\n",
       "      <th></th>\n",
       "      <th></th>\n",
       "      <th></th>\n",
       "      <th></th>\n",
       "      <th></th>\n",
       "      <th></th>\n",
       "      <th></th>\n",
       "    </tr>\n",
       "  </thead>\n",
       "  <tbody>\n",
       "    <tr>\n",
       "      <th>2006-01-04</th>\n",
       "      <td>-0.000932</td>\n",
       "      <td>0.011664</td>\n",
       "      <td>0.009917</td>\n",
       "      <td>0.000909</td>\n",
       "      <td>0.003407</td>\n",
       "      <td>0.002843</td>\n",
       "      <td>0.002526</td>\n",
       "      <td>0.001561</td>\n",
       "      <td>0.006126</td>\n",
       "      <td>NaN</td>\n",
       "      <td>NaN</td>\n",
       "    </tr>\n",
       "    <tr>\n",
       "      <th>2006-01-05</th>\n",
       "      <td>0.003413</td>\n",
       "      <td>0.004627</td>\n",
       "      <td>-0.002470</td>\n",
       "      <td>0.000908</td>\n",
       "      <td>-0.005115</td>\n",
       "      <td>-0.012759</td>\n",
       "      <td>-0.001578</td>\n",
       "      <td>-0.006574</td>\n",
       "      <td>-0.001608</td>\n",
       "      <td>NaN</td>\n",
       "      <td>NaN</td>\n",
       "    </tr>\n",
       "    <tr>\n",
       "      <th>2006-01-06</th>\n",
       "      <td>0.005869</td>\n",
       "      <td>0.015576</td>\n",
       "      <td>0.006471</td>\n",
       "      <td>0.008134</td>\n",
       "      <td>0.004265</td>\n",
       "      <td>0.024235</td>\n",
       "      <td>0.003783</td>\n",
       "      <td>0.010622</td>\n",
       "      <td>0.010568</td>\n",
       "      <td>NaN</td>\n",
       "      <td>NaN</td>\n",
       "    </tr>\n",
       "    <tr>\n",
       "      <th>2006-01-09</th>\n",
       "      <td>0.002768</td>\n",
       "      <td>0.003176</td>\n",
       "      <td>0.004596</td>\n",
       "      <td>0.010150</td>\n",
       "      <td>0.004670</td>\n",
       "      <td>-0.001123</td>\n",
       "      <td>0.008148</td>\n",
       "      <td>-0.006234</td>\n",
       "      <td>-0.000318</td>\n",
       "      <td>NaN</td>\n",
       "      <td>NaN</td>\n",
       "    </tr>\n",
       "    <tr>\n",
       "      <th>2006-01-10</th>\n",
       "      <td>0.000921</td>\n",
       "      <td>-0.000906</td>\n",
       "      <td>-0.003675</td>\n",
       "      <td>0.000297</td>\n",
       "      <td>-0.002544</td>\n",
       "      <td>0.010803</td>\n",
       "      <td>-0.002813</td>\n",
       "      <td>0.001562</td>\n",
       "      <td>-0.006394</td>\n",
       "      <td>NaN</td>\n",
       "      <td>NaN</td>\n",
       "    </tr>\n",
       "    <tr>\n",
       "      <th>...</th>\n",
       "      <td>...</td>\n",
       "      <td>...</td>\n",
       "      <td>...</td>\n",
       "      <td>...</td>\n",
       "      <td>...</td>\n",
       "      <td>...</td>\n",
       "      <td>...</td>\n",
       "      <td>...</td>\n",
       "      <td>...</td>\n",
       "      <td>...</td>\n",
       "      <td>...</td>\n",
       "    </tr>\n",
       "    <tr>\n",
       "      <th>2021-12-23</th>\n",
       "      <td>0.005165</td>\n",
       "      <td>0.005566</td>\n",
       "      <td>0.004101</td>\n",
       "      <td>0.013776</td>\n",
       "      <td>0.002262</td>\n",
       "      <td>0.000547</td>\n",
       "      <td>0.011712</td>\n",
       "      <td>-0.000144</td>\n",
       "      <td>0.010015</td>\n",
       "      <td>-0.003000</td>\n",
       "      <td>0.008873</td>\n",
       "    </tr>\n",
       "    <tr>\n",
       "      <th>2021-12-27</th>\n",
       "      <td>0.010251</td>\n",
       "      <td>0.021226</td>\n",
       "      <td>0.010498</td>\n",
       "      <td>0.009697</td>\n",
       "      <td>0.010575</td>\n",
       "      <td>0.021623</td>\n",
       "      <td>0.010530</td>\n",
       "      <td>0.004865</td>\n",
       "      <td>0.014948</td>\n",
       "      <td>0.020227</td>\n",
       "      <td>0.009683</td>\n",
       "    </tr>\n",
       "    <tr>\n",
       "      <th>2021-12-28</th>\n",
       "      <td>0.000510</td>\n",
       "      <td>-0.005222</td>\n",
       "      <td>-0.002632</td>\n",
       "      <td>0.000439</td>\n",
       "      <td>0.005638</td>\n",
       "      <td>-0.000713</td>\n",
       "      <td>0.005034</td>\n",
       "      <td>0.008952</td>\n",
       "      <td>0.005784</td>\n",
       "      <td>0.004310</td>\n",
       "      <td>-0.000507</td>\n",
       "    </tr>\n",
       "    <tr>\n",
       "      <th>2021-12-29</th>\n",
       "      <td>-0.001275</td>\n",
       "      <td>0.000853</td>\n",
       "      <td>0.005682</td>\n",
       "      <td>0.001995</td>\n",
       "      <td>0.004566</td>\n",
       "      <td>-0.006442</td>\n",
       "      <td>0.001798</td>\n",
       "      <td>0.005361</td>\n",
       "      <td>0.004095</td>\n",
       "      <td>0.006041</td>\n",
       "      <td>-0.004960</td>\n",
       "    </tr>\n",
       "    <tr>\n",
       "      <th>2021-12-30</th>\n",
       "      <td>-0.001788</td>\n",
       "      <td>-0.006617</td>\n",
       "      <td>0.002052</td>\n",
       "      <td>-0.003605</td>\n",
       "      <td>-0.003129</td>\n",
       "      <td>-0.006123</td>\n",
       "      <td>-0.003600</td>\n",
       "      <td>0.003652</td>\n",
       "      <td>-0.003541</td>\n",
       "      <td>0.004458</td>\n",
       "      <td>0.004198</td>\n",
       "    </tr>\n",
       "  </tbody>\n",
       "</table>\n",
       "<p>4026 rows × 11 columns</p>\n",
       "</div>"
      ],
      "text/plain": [
       "Ticker           XLF       XLK       XLV       XLY       XLP       XLE  \\\n",
       "Date                                                                     \n",
       "2006-01-04 -0.000932  0.011664  0.009917  0.000909  0.003407  0.002843   \n",
       "2006-01-05  0.003413  0.004627 -0.002470  0.000908 -0.005115 -0.012759   \n",
       "2006-01-06  0.005869  0.015576  0.006471  0.008134  0.004265  0.024235   \n",
       "2006-01-09  0.002768  0.003176  0.004596  0.010150  0.004670 -0.001123   \n",
       "2006-01-10  0.000921 -0.000906 -0.003675  0.000297 -0.002544  0.010803   \n",
       "...              ...       ...       ...       ...       ...       ...   \n",
       "2021-12-23  0.005165  0.005566  0.004101  0.013776  0.002262  0.000547   \n",
       "2021-12-27  0.010251  0.021226  0.010498  0.009697  0.010575  0.021623   \n",
       "2021-12-28  0.000510 -0.005222 -0.002632  0.000439  0.005638 -0.000713   \n",
       "2021-12-29 -0.001275  0.000853  0.005682  0.001995  0.004566 -0.006442   \n",
       "2021-12-30 -0.001788 -0.006617  0.002052 -0.003605 -0.003129 -0.006123   \n",
       "\n",
       "Ticker           XLI       XLU       XLB      XLRE       XLC  \n",
       "Date                                                          \n",
       "2006-01-04  0.002526  0.001561  0.006126       NaN       NaN  \n",
       "2006-01-05 -0.001578 -0.006574 -0.001608       NaN       NaN  \n",
       "2006-01-06  0.003783  0.010622  0.010568       NaN       NaN  \n",
       "2006-01-09  0.008148 -0.006234 -0.000318       NaN       NaN  \n",
       "2006-01-10 -0.002813  0.001562 -0.006394       NaN       NaN  \n",
       "...              ...       ...       ...       ...       ...  \n",
       "2021-12-23  0.011712 -0.000144  0.010015 -0.003000  0.008873  \n",
       "2021-12-27  0.010530  0.004865  0.014948  0.020227  0.009683  \n",
       "2021-12-28  0.005034  0.008952  0.005784  0.004310 -0.000507  \n",
       "2021-12-29  0.001798  0.005361  0.004095  0.006041 -0.004960  \n",
       "2021-12-30 -0.003600  0.003652 -0.003541  0.004458  0.004198  \n",
       "\n",
       "[4026 rows x 11 columns]"
      ]
     },
     "execution_count": 32,
     "metadata": {},
     "output_type": "execute_result"
    }
   ],
   "source": [
    "df_ret"
   ]
  },
  {
   "cell_type": "code",
   "execution_count": null,
   "id": "1e7b058c",
   "metadata": {},
   "outputs": [],
   "source": [
    "# start loop\n",
    "# calc current portfolio value ( 100_000 if start )\n",
    "# calc optimal weights\n",
    "# rebalance weights"
   ]
  },
  {
   "cell_type": "code",
   "execution_count": null,
   "id": "a71d4353",
   "metadata": {},
   "outputs": [
    {
     "name": "stdout",
     "output_type": "stream",
     "text": [
      "Date 2019-01-01 00:00:00 not in data, skipping.\n",
      "All expected returns are negative for 2019-01-03 00:00:00, skipping.\n",
      "All expected returns are negative for 2019-01-04 00:00:00, skipping.\n",
      "All expected returns are negative for 2019-01-07 00:00:00, skipping.\n",
      "All expected returns are negative for 2019-01-08 00:00:00, skipping.\n",
      "= = = = = = = = = = = = = = = = = = = = \n",
      "Error in max_sharpe for 2019-01-09 00:00:00: ('Please check your objectives/constraints or use a different solver.', 'Solver status: infeasible')\n",
      "mu Ticker\n",
      "XLF    -0.001775\n",
      "XLK    -0.001681\n",
      "XLV    -0.000896\n",
      "XLY    -0.000588\n",
      "XLP    -0.000403\n",
      "XLE    -0.003303\n",
      "XLI    -0.001971\n",
      "XLU    -0.000152\n",
      "XLB    -0.000595\n",
      "XLRE    0.000079\n",
      "XLC    -0.000550\n",
      "dtype: float64\n",
      "cov_psd [[2.44651658e-04 2.61272208e-04 1.82948769e-04 2.20974312e-04\n",
      "  1.13006876e-04 2.15626453e-04 2.13517977e-04 5.08496601e-05\n",
      "  1.92952663e-04 1.00356381e-04 2.10742212e-04]\n",
      " [2.61272208e-04 4.91141779e-04 2.75580912e-04 3.60027638e-04\n",
      "  1.32496382e-04 2.79573871e-04 3.15978367e-04 4.10320852e-05\n",
      "  2.83034198e-04 1.19500740e-04 3.58094830e-04]\n",
      " [1.82948769e-04 2.75580912e-04 2.44225164e-04 2.24882073e-04\n",
      "  1.21392559e-04 2.00796215e-04 2.08232361e-04 6.49315037e-05\n",
      "  1.83648015e-04 1.14304989e-04 2.12050630e-04]\n",
      " [2.20974312e-04 3.60027638e-04 2.24882073e-04 3.39537503e-04\n",
      "  1.22488377e-04 2.45875653e-04 2.63326044e-04 4.22495788e-05\n",
      "  2.34438485e-04 1.27929050e-04 2.97283105e-04]\n",
      " [1.13006876e-04 1.32496382e-04 1.21392559e-04 1.22488377e-04\n",
      "  1.39151415e-04 1.22158358e-04 1.17488917e-04 8.91431189e-05\n",
      "  9.68768950e-05 1.19083761e-04 1.09678748e-04]\n",
      " [2.15626453e-04 2.79573871e-04 2.00796215e-04 2.45875653e-04\n",
      "  1.22158358e-04 3.53975815e-04 2.40276402e-04 5.62637162e-05\n",
      "  2.25844082e-04 1.05514813e-04 2.43812644e-04]\n",
      " [2.13517977e-04 3.15978367e-04 2.08232361e-04 2.63326044e-04\n",
      "  1.17488917e-04 2.40276402e-04 2.78935868e-04 4.91845227e-05\n",
      "  2.29378114e-04 1.07799690e-04 2.52646006e-04]\n",
      " [5.08496601e-05 4.10320852e-05 6.49315037e-05 4.22495788e-05\n",
      "  8.91431189e-05 5.62637162e-05 4.91845227e-05 1.41194494e-04\n",
      "  3.88277756e-05 1.12653126e-04 2.43956150e-05]\n",
      " [1.92952663e-04 2.83034198e-04 1.83648015e-04 2.34438485e-04\n",
      "  9.68768950e-05 2.25844082e-04 2.29378114e-04 3.88277756e-05\n",
      "  2.46416941e-04 8.74150783e-05 2.28910311e-04]\n",
      " [1.00356381e-04 1.19500740e-04 1.14304989e-04 1.27929050e-04\n",
      "  1.19083761e-04 1.05514813e-04 1.07799690e-04 1.12653126e-04\n",
      "  8.74150783e-05 1.97683345e-04 1.08555250e-04]\n",
      " [2.10742212e-04 3.58094830e-04 2.12050630e-04 2.97283105e-04\n",
      "  1.09678748e-04 2.43812644e-04 2.52646006e-04 2.43956150e-05\n",
      "  2.28910311e-04 1.08555250e-04 3.45963282e-04]]\n",
      "eigvals [2.88165835e-05 3.23502584e-05 3.59039332e-05 4.23124319e-05\n",
      " 4.75726922e-05 5.56982440e-05 6.34292206e-05 8.27709020e-05\n",
      " 1.48978489e-04 2.92973259e-04 2.19207125e-03]\n",
      "= = = = = = = = = = = = = = = = = = = = \n",
      "Date 2019-01-21 00:00:00 not in data, skipping.\n",
      "Date 2019-02-18 00:00:00 not in data, skipping.\n",
      "Date 2019-04-19 00:00:00 not in data, skipping.\n",
      "Date 2019-05-27 00:00:00 not in data, skipping.\n",
      "Date 2019-07-04 00:00:00 not in data, skipping.\n",
      "Date 2019-09-02 00:00:00 not in data, skipping.\n",
      "Date 2019-11-28 00:00:00 not in data, skipping.\n",
      "Date 2019-12-25 00:00:00 not in data, skipping.\n",
      "Date 2020-01-01 00:00:00 not in data, skipping.\n"
     ]
    },
    {
     "data": {
      "text/html": [
       "<div>\n",
       "<style scoped>\n",
       "    .dataframe tbody tr th:only-of-type {\n",
       "        vertical-align: middle;\n",
       "    }\n",
       "\n",
       "    .dataframe tbody tr th {\n",
       "        vertical-align: top;\n",
       "    }\n",
       "\n",
       "    .dataframe thead th {\n",
       "        text-align: right;\n",
       "    }\n",
       "</style>\n",
       "<table border=\"1\" class=\"dataframe\">\n",
       "  <thead>\n",
       "    <tr style=\"text-align: right;\">\n",
       "      <th></th>\n",
       "      <th>date</th>\n",
       "      <th>cash</th>\n",
       "      <th>portfolio_value</th>\n",
       "    </tr>\n",
       "  </thead>\n",
       "  <tbody>\n",
       "    <tr>\n",
       "      <th>0</th>\n",
       "      <td>2019-01-02</td>\n",
       "      <td>2.226646</td>\n",
       "      <td>100000.000000</td>\n",
       "    </tr>\n",
       "    <tr>\n",
       "      <th>1</th>\n",
       "      <td>2019-01-10</td>\n",
       "      <td>4.034065</td>\n",
       "      <td>102730.174278</td>\n",
       "    </tr>\n",
       "    <tr>\n",
       "      <th>2</th>\n",
       "      <td>2019-01-11</td>\n",
       "      <td>332.985609</td>\n",
       "      <td>102923.327230</td>\n",
       "    </tr>\n",
       "    <tr>\n",
       "      <th>3</th>\n",
       "      <td>2019-01-14</td>\n",
       "      <td>234.998915</td>\n",
       "      <td>102602.678427</td>\n",
       "    </tr>\n",
       "    <tr>\n",
       "      <th>4</th>\n",
       "      <td>2019-01-15</td>\n",
       "      <td>46.800020</td>\n",
       "      <td>103759.864977</td>\n",
       "    </tr>\n",
       "    <tr>\n",
       "      <th>...</th>\n",
       "      <td>...</td>\n",
       "      <td>...</td>\n",
       "      <td>...</td>\n",
       "    </tr>\n",
       "    <tr>\n",
       "      <th>242</th>\n",
       "      <td>2019-12-24</td>\n",
       "      <td>85.223967</td>\n",
       "      <td>116308.414335</td>\n",
       "    </tr>\n",
       "    <tr>\n",
       "      <th>243</th>\n",
       "      <td>2019-12-26</td>\n",
       "      <td>172.916212</td>\n",
       "      <td>116504.060637</td>\n",
       "    </tr>\n",
       "    <tr>\n",
       "      <th>244</th>\n",
       "      <td>2019-12-27</td>\n",
       "      <td>142.438513</td>\n",
       "      <td>116524.396559</td>\n",
       "    </tr>\n",
       "    <tr>\n",
       "      <th>245</th>\n",
       "      <td>2019-12-30</td>\n",
       "      <td>94.370335</td>\n",
       "      <td>115872.151022</td>\n",
       "    </tr>\n",
       "    <tr>\n",
       "      <th>246</th>\n",
       "      <td>2019-12-31</td>\n",
       "      <td>288.322613</td>\n",
       "      <td>116129.557499</td>\n",
       "    </tr>\n",
       "  </tbody>\n",
       "</table>\n",
       "<p>247 rows × 3 columns</p>\n",
       "</div>"
      ],
      "text/plain": [
       "          date        cash  portfolio_value\n",
       "0   2019-01-02    2.226646    100000.000000\n",
       "1   2019-01-10    4.034065    102730.174278\n",
       "2   2019-01-11  332.985609    102923.327230\n",
       "3   2019-01-14  234.998915    102602.678427\n",
       "4   2019-01-15   46.800020    103759.864977\n",
       "..         ...         ...              ...\n",
       "242 2019-12-24   85.223967    116308.414335\n",
       "243 2019-12-26  172.916212    116504.060637\n",
       "244 2019-12-27  142.438513    116524.396559\n",
       "245 2019-12-30   94.370335    115872.151022\n",
       "246 2019-12-31  288.322613    116129.557499\n",
       "\n",
       "[247 rows x 3 columns]"
      ]
     },
     "execution_count": 73,
     "metadata": {},
     "output_type": "execute_result"
    }
   ],
   "source": [
    "# mean variance optimization\n",
    "# based on paper by Sood et al. (2023):\n",
    "\n",
    "# TODO : deal with NaN values for tickers \n",
    "# XLC was created June 2018\n",
    "# XLRE was created Oct 2015 ( as split off from XLF )\n",
    "\n",
    "# TODO : understand why solver sometimes fails\n",
    "# maybe write own solver\n",
    "# maybe eigenvals too small therefore unstable\n",
    "# why does mu < riskfree rate lead to problems ?\n",
    "\n",
    "# Parameters\n",
    "lookback = 60\n",
    "initial_cash = 100_000\n",
    "start_date = pd.to_datetime(\"2019-01-01\")\n",
    "end_date = pd.to_datetime(\"2020-01-01\")\n",
    "\n",
    "# define daterange from start to end date\n",
    "date_range = pd.bdate_range(start=start_date, end=end_date)\n",
    "\n",
    "# Initialize portfolio\n",
    "portfolio_value = initial_cash\n",
    "portfolio_history = []\n",
    "\n",
    "cash = initial_cash\n",
    "shares = {t: 0 for t in sector_tickers}\n",
    "\n",
    "for eval_date in date_range:\n",
    "    if eval_date not in df_ret.index:\n",
    "        print(f\"Date {eval_date} not in data, skipping.\")\n",
    "        continue\n",
    "\n",
    "    ret_idx = df_ret.index.get_loc(eval_date)\n",
    "    prices_idx = df_prices.index.get_loc(eval_date)\n",
    "\n",
    "    if ret_idx < lookback:\n",
    "        print(f\"Not enough data for {eval_date}, skipping.\")\n",
    "        continue\n",
    "\n",
    "    return_window = df_ret.iloc[ret_idx - lookback : ret_idx]\n",
    "    prices_window = df_prices.iloc[prices_idx - lookback : prices_idx]\n",
    "\n",
    "    # update portfolio value with current prices\n",
    "    prices = df_prices.iloc[prices_idx].to_dict()\n",
    "    if len(portfolio_history) > 0:\n",
    "        portfolio_value = sum([shares[t] * prices[t] for t in sector_tickers]) + cash\n",
    "\n",
    "    # Estimate expected returns over lookback period as simple average\n",
    "    mu = return_window.mean()\n",
    "    # check if all of mu are below 0, if yes report error\n",
    "    if (mu < 0).all():\n",
    "        print(f\"All expected returns are negative for {eval_date}, skipping.\")\n",
    "        continue\n",
    "\n",
    "    # Estimate covariance using Ledoit-Wolf shrinkage\n",
    "    lw = LedoitWolf()\n",
    "    lw.fit(return_window)\n",
    "    cov_matrix = lw.covariance_\n",
    "\n",
    "    # Fix potential negative eigenvalues (make PSD)\n",
    "    eigvals, eigvecs = np.linalg.eigh(cov_matrix)\n",
    "    eigvals[eigvals < 0] = 0\n",
    "    cov_psd = eigvecs @ np.diag(eigvals) @ eigvecs.T\n",
    "\n",
    "    # Calculate optimal weights by optimizing Sharpe ratio\n",
    "    ef = EfficientFrontier(mu, cov_psd)\n",
    "\n",
    "    try:\n",
    "        weights_raw = ef.max_sharpe(risk_free_rate=0)  # ordered dict\n",
    "    except Exception as e:\n",
    "        print('= '*20)\n",
    "        print(f\"Error in max_sharpe for {eval_date}: {e}\")\n",
    "        print(\"mu\", mu)\n",
    "        print(\"cov_psd\", cov_psd)\n",
    "        print(\"eigvals\", eigvals)\n",
    "        print('= '*20)\n",
    "        continue\n",
    "\n",
    "    # whole shares only\n",
    "    asset_cash = {t: weights_raw[t] * portfolio_value for t in sector_tickers}\n",
    "    shares = {t: np.floor(asset_cash[t] / prices[t]) for t in sector_tickers}\n",
    "    # calc rebalanced weights to compare with DRL agents later\n",
    "    weights = {t: shares[t] * prices[t] / portfolio_value for t in sector_tickers}\n",
    "    # rest ist cash\n",
    "    cash = portfolio_value - np.sum([shares[t] * prices[t] for t in sector_tickers])\n",
    "    w_c = cash / portfolio_value\n",
    "\n",
    "    # save portfolio history\n",
    "    portfolio_history.append(\n",
    "        {\"date\": eval_date, \"cash\": cash, \"portfolio_value\": portfolio_value}\n",
    "    )\n",
    "\n",
    "# Convert to DataFrame\n",
    "portfolio_df = pd.DataFrame(portfolio_history)\n",
    "portfolio_df"
   ]
  }
 ],
 "metadata": {
  "kernelspec": {
   "display_name": "rl",
   "language": "python",
   "name": "python3"
  },
  "language_info": {
   "codemirror_mode": {
    "name": "ipython",
    "version": 3
   },
   "file_extension": ".py",
   "mimetype": "text/x-python",
   "name": "python",
   "nbconvert_exporter": "python",
   "pygments_lexer": "ipython3",
   "version": "3.11.0"
  }
 },
 "nbformat": 4,
 "nbformat_minor": 5
}
